762 762
2 381 159 383
2 381 267 270
2 381 380 381
2 381 603 379
2 381 758 381
6 754 159 383
6 754 270 491
6 754 380 381
6 754 380 601
6 754 491 269
6 754 755 6
32 72 69 70
32 72 137 326
32 72 159 383
69 70 72 31
69 70 267 270
69 70 380 381
69 70 491 491
69 70 752 755
72 31 324 135
72 31 382 159
137 326 159 383
137 326 267 270
159 383 270 491
159 383 380 381
159 383 380 601
159 383 382 159
159 383 603 379
159 383 758 381
267 270 324 135
267 270 380 381
267 270 380 2
267 270 491 491
267 270 752 755
270 491 380 381
270 491 380 601
270 491 491 269
270 491 755 6
324 135 380 2
324 135 382 159
380 381 380 601
380 381 380 2
380 381 382 159
380 381 381 758
380 381 491 491
380 381 491 269
380 381 603 379
380 381 752 755
380 381 755 6
380 381 758 381
380 601 380 2
380 601 382 159
380 601 381 758
380 601 435 624
380 601 603 379
380 601 752 755
380 2 382 159
380 2 381 758
382 159 381 758
382 159 491 269
382 159 603 379
382 159 755 6
381 758 491 491
395 583 491 491
395 583 603 379
435 624 491 491
435 624 752 755
491 491 625 435
491 491 752 755
491 491 758 381
491 269 603 379
491 269 755 6
603 379 625 435
603 379 755 6
603 379 758 381
