3 199 57 144
3 199 57 253
3 199 57 199
3 199 341 199
3 199 395 199
3 199 199 199
57 144 57 253
57 144 57 199
57 144 340 253
57 144 4 4
57 144 199 199
57 253 57 199
57 253 4 394
57 199 341 199
57 199 395 199
57 199 199 199
144 57 199 3
144 57 199 57
144 57 253 57
144 57 253 340
144 57 4 4
144 57 199 199
144 340 199 395
144 340 199 341
144 340 253 57
144 340 253 340
144 340 4 394
144 340 199 199
199 3 199 395
199 3 199 57
199 3 199 341
199 3 253 57
199 3 199 199
199 395 199 57
199 395 199 341
199 395 253 340
199 395 199 199
199 57 199 341
199 57 253 57
199 57 199 199
199 341 253 340
199 341 199 199
253 57 394 4
253 57 199 199
253 340 394 394
253 340 199 199
340 144 340 253
340 144 341 199
340 144 395 199
340 144 394 4
340 144 199 199
340 253 341 199
340 253 394 394
340 253 199 199
341 199 395 199
341 199 199 199
395 199 199 199
394 394 4 4
394 394 199 199
394 4 4 394
394 4 199 199
4 394 199 199
4 4 199 199
